10, 70, 97, 107, 101, 68, 66, 0, 1, 0, 0, 0, 96, 100, 51, 84, 23, 25, 48, 92, 0, 13, 162, 33, 2, 0, 9, 1, 21, 0, 0, 0, 0, 0, 0, 0, 0, 0, 31, 41, 8, 0, 61, 80, 111, 63, 64, 43, 107, 90, 0, 109, 121, 115, 113, 108, 95, 110, 97, 116, 105, 118, 101, 95, 112, 97, 115, 115, 119, 111, 114, 100, 0,

10, 70, 97, 107, 101, 68, 66, 0, 1, 0, 0, 0, 102, 116, 41, 51, 66, 52, 110, 64, 0, 13, 162, 33, 2, 0, 9, 1, 21, 0, 0, 0, 0, 0, 0, 0, 0, 0, 0, 45, 51, 83, 62, 28, 73, 47, 89, 16, 110, 12, 38, 0, 109, 121, 115, 113, 108, 95, 110, 97, 116, 105, 118, 101, 95, 112, 97, 115, 115, 119, 111, 114, 100, 0

10, 70, 97, 107, 101, 68, 66, 0, 1, 0,
0, 0, 102, 116, 41, 51, 66, 52, 110, 64, 
0, 13, 162, 33, 2, 0, 9, 1, 21, 0, 
0, 0, 0, 0, 0, 0, 0, 0, 0, 45, 
51, 83, 62, 28, 73, 47, 89, 16, 110, 12, 
38, 0, 109, 121, 115, 113, 108, 95, 110, 97, 
116, 105, 118, 101, 95, 112, 97, 115, 115, 119, 
111, 114, 100, 0

10, 70, 97, 107, 101, 68, 66, 0, 1, 0, 
0, 0, 120, 117, 107, 46, 57, 106, 45, 28, 
0, 13, 162, 33, 2, 0, 9, 1, 21, 0, 
0, 0, 0, 0, 0, 0, 0, 0, 120, 29, 16, 24, 8, 16, 74, 92, 8, 88, 106, 10, 0, 109, 121, 115, 113, 108, 95, 110, 97, 116, 105, 118, 101, 95, 112, 97, 115, 115, 119, 111, 114, 100, 0


# client packet

60, 0, 0, 1, 
133, 166, 15, 32, 
0, 0, 0, 1,

33, 
 
0, 0, 0, 0, 0, 0, 0, 0, 0, 0,
 0, 0, 0, 
 0, 0, 0, 0, 0, 0, 0, 0, 0, 0, 
 
 109, 111, 99, 107, 0, 
 
 0, 109, 121, 115, 113, 
 108, 95, 110, 97, 116, 
 105, 118, 101, 95, 112, 
 97, 115, 115, 119, 111,
 
 
  114, 100, 0


115, 101, 108, 101, 99, 116, 32, 42, 32, 102, 114, 111, 109, 32, 116, 101, 116, 115

select * from 

141, 166, 15, 32, 

0, 0, 0, 1, 

33, 

0, 0, 0, 0, 0, 0, 0, 0, 0, 0, 0, 0, 0, 0, 0, 0, 0, 0, 0, 0, 0, 0, 0, 

109, 111, 99, 107, 0, 

0, 100, 98, 0, 

109, 121, 115, 113, 108, 95, 110, 
97, 116, 105, 118, 101, 95, 112, 97, 115, 115, 119, 111, 114, 100, 0,


查询多行数据服务器响应包

列数量 
3,

列信息

3, 100, 101, 102, 2, 100, 98, 7, 80, 101, 114, 115, 111, 110, 115, 7, 80, 101, 114, 115, 111, 110, 115, 8, 80, 101, 114, 115, 111, 110, 73, 68, 8, 80, 101, 114, 115, 111, 110, 73, 68, 12, 63, 0, 11, 0, 0, 0, 3, 3, 0, 0, 0, 0,

3, 100, 101, 102, 2, 100, 98, 7, 80, 101, 114, 115, 111, 110, 115, 7, 80, 101, 114, 115, 111, 110, 115, 8, 76, 97, 115, 116, 78, 97, 109, 101, 8, 76, 97, 115, 116, 78, 97, 109, 101, 12, 46, 0, 80, 0, 0, 0, 253, 0, 0, 0, 0, 0,

3, 100, 101, 102, 2, 100, 98, 7, 80, 101, 114, 115, 111, 110, 115, 7, 80, 101, 114, 115, 111, 110, 115, 9, 70, 105, 114, 115, 116, 78, 97, 109, 101, 9, 70, 105, 114, 115, 116, 78, 97, 109, 101, 12, 46, 0, 80, 0, 0, 0, 253, 0, 0, 0, 0, 0,

EOF
254, 0, 0, 2, 0,

列数据

4, 45, 50, 51, 56, 5, 90, 104, 111, 110, 103, 3, 76, 101, 105,

4, 49, 48, 48, 48, 11, 87, 97, 115, 115, 101, 114, 115, 116, 101, 105, 110, 5, 90, 104, 97, 110, 103,

EOF

254, 0, 0, 2, 0,
